Problem Number, Route, Patient IDs, Fitness, Feasible
------------------------------------

--- New Solution ---
Route: [76, 12, 68, 80, 24, 29, 3, 77]
Route: [95, 92, 42, 43, 15, 57, 87, 58]
Route: [31, 90, 32, 63, 64, 11, 62, 88, 52]
Route: Int64[]
Route: [50, 33, 65, 66, 35, 71, 20, 51, 28]
Route: Int64[]
Route: [7, 82, 48, 47, 46, 36, 49, 19, 10, 70]
Route: [39, 23, 67, 55, 25, 54, 26]
Route: Int64[]
Route: Int64[]
Route: [69, 30, 9, 34, 78, 79, 81, 1]
Route: [53, 40, 21, 73, 22, 41, 75, 56, 4, 72, 74, 2]
Route: [6, 59, 37, 100, 91, 98, 93, 96, 94]
Route: Int64[]
Route: [61, 16, 86, 38, 14, 44, 85, 99, 97, 13]
Route: [18, 83, 45, 8, 84, 17, 5, 60, 89]
Route: Int64[]
Route: Int64[]
Route: Int64[]
Route: Int64[]
Route: Int64[]
Route: Int64[]
Route: Int64[]
Route: Int64[]
Route: [27]
Fitness: 1096.556490976164
Feasible: true
Problem Number: 7
--- New Solution ---
[26, 21, 73, 72, 39, 67, 23, 41, 22, 75, 56, 74, 4, 55, 25, 24, 54, 12],
Int64[],
[27, 69, 31, 62, 7, 88, 1, 50, 76, 3, 79, 78, 81, 9, 66, 71, 35, 34, 29, 68, 80, 77, 28],
Int64[],
[40],
Int64[],
Int64[],
[53],
Int64[],
Int64[],
Int64[],
Int64[],
Int64[],
Int64[],
Int64[],
Int64[],
[52, 82, 48, 47, 36, 46, 45, 8, 84, 17, 61, 100, 93, 5, 60, 83, 18, 89],
Int64[],
Int64[],
Int64[],
Int64[],
Int64[],
[33, 51, 65, 20, 30, 32, 11, 64, 49, 19, 63, 90, 10, 70],
[94, 96, 59, 92, 95, 97, 2, 57, 42, 15, 43, 14, 38, 44, 86, 16, 91, 85, 99, 98, 37, 87, 6, 13, 58],
Int64[],
Fitness: 924.8488117283395
Feasible: true
