Problem Number, Route, Patient IDs, Fitness, Feasible
------------------------------------

--- New Solution ---
Route: [99, 52, 86, 57, 83, 65]
Route: [68, 3, 5, 4, 46, 45, 100]
Route: Int64[]
Route: [64, 18, 48, 21, 23, 25, 22]
Route: [90]
Route: [34, 27, 26, 28, 30, 33, 32, 29, 31, 80]
Route: [42, 43, 44, 40, 38, 39, 36, 35, 37, 41]
Route: Int64[]
Route: Int64[]
Route: [75, 97, 59, 87, 74, 77]
Route: [69, 88, 60, 79, 73, 78, 82]
Route: [85, 63, 76, 89, 51]
Route: [66, 20, 49, 19, 24]
Route: [98, 10, 11, 12, 53, 55]
Route: Int64[]
Route: Int64[]
Route: [70, 2, 6, 7, 8, 1, 61, 81]
Route: [92, 94, 96, 93, 71, 72, 54]
Route: [16, 15, 17, 47, 14, 9, 13, 58]
Route: [95, 62, 50, 67, 84, 56, 91]
Route: Int64[]
Route: Int64[]
Route: Int64[]
Route: Int64[]
Route: Int64[]
Fitness: 1460.4741811950623
Feasible: true
Problem Number: 3

--- New Solution ---
Route: [99, 87, 97, 75, 59, 65]
Route: [1, 5, 3, 45, 4, 100]
Route: [91, 56, 84, 20, 49, 19, 22, 24]
Route: Int64[]
Route: [69, 88, 60, 79, 73, 78, 55]
Route: [81, 41, 35, 36, 37, 38]
Route: Int64[]
Route: [11, 9, 16, 47, 13, 10]
Route: Int64[]
Route: [33, 27, 29, 31, 34, 30, 28, 26, 32]
Route: [98, 12, 14, 17, 15, 53]
Route: Int64[]
Route: Int64[]
Route: [70, 2, 6, 7, 8, 46]
Route: [82, 52, 86, 74, 58, 57]
Route: [96, 54, 72, 44, 39, 40, 43, 42, 61, 68]
Route: [92, 62, 50, 67, 93, 71, 94]
Route: [66, 64, 18, 48, 23, 21, 77, 25]
Route: Int64[]
Route: Int64[]
Route: Int64[]
Route: [80, 95, 85, 63, 76, 89, 51, 83]
Route: Int64[]
Route: [90]
Route: Int64[]
Route: Int64[]
Fitness: 1462.4193192185546
Feasible: true
Problem Number: 3

--- New Solution ---
[42, 44, 43, 38, 37, 35, 36, 40, 39, 41],
[69],
[88, 60, 79, 73, 78, 98],
[52, 59, 86, 87, 97, 75, 58, 77],
[83, 24, 23, 21, 48, 18, 19, 22],
[66, 64, 51, 63, 76, 89, 25, 49, 20],
[53],
[80, 92, 96, 93, 67, 84, 85, 95, 56, 91],
[81, 54, 72, 71, 27, 26, 29, 31, 94],
[14, 10, 11, 15, 16, 9, 13, 17, 47, 12],
Int64[],
Int64[],
Int64[],
Int64[],
[68],
Int64[],
Int64[],
[62, 50, 33, 32, 30, 28, 34],
[2, 6, 7, 8, 46, 4, 45, 5, 3, 1],
Int64[],
Int64[],
[90, 82, 99, 74, 57],
Int64[],
[65],
[61, 70, 55, 100],
Fitness: 1412.8903748055836
Feasible: true
