Problem Number, Route, Patient IDs, Fitness, Feasible
------------------------------------

--- New Solution ---
Route: [28, 76, 33, 81, 79, 78, 34, 29, 24, 3, 50]
Route: [2, 57, 15, 43, 42, 87, 94, 13]
Route: [69, 51, 9, 35, 71, 65, 66, 20, 30, 70]
Route: [61, 16, 44, 14, 38, 86, 17, 60, 89]
Route: [40, 21, 4, 39, 55, 25, 54, 26]
Route: [96, 5, 84, 83]
Route: Int64[]
Route: [62, 19, 36, 49, 64, 11]
Route: [27, 52, 88, 31, 10, 90, 63, 32, 1]
Route: [56, 67, 23, 75, 41, 22, 74, 72, 73, 58]
Route: [95, 97, 92, 59, 99, 93, 98, 37, 100, 91, 85, 6]
Route: Int64[]
Route: [53, 77, 68, 80, 12]
Route: [7, 48, 47, 46, 45, 8, 82, 18]
Route: Int64[]
Route: Int64[]
Route: Int64[]
Route: Int64[]
Route: Int64[]
Route: Int64[]
Route: Int64[]
Route: Int64[]
Route: Int64[]
Route: Int64[]
Route: Int64[]
Fitness: 1080.1309017352273
Feasible: true
Problem Number: 8

--- New Solution ---
[53],
[40, 2, 57, 42, 43, 15, 41, 22, 23, 39, 67, 55, 4, 56, 75, 74, 72, 73, 21, 12, 77, 68, 29, 24, 80, 54, 25, 26, 28],
[52, 7, 88, 62, 11, 64, 49, 19, 48, 47, 36, 46, 82, 8, 45, 17, 84, 5, 60, 83, 18, 89],
[6, 94, 95, 97, 92, 37, 98, 85, 91, 16, 44, 14, 38, 86, 61, 93, 99, 96, 59, 87, 100, 13, 58],
Int64[],
Int64[],
Int64[],
Int64[],
Int64[],
Int64[],
Int64[],
Int64[],
Int64[],
Int64[],
Int64[],
Int64[],
Int64[],
Int64[],
Int64[],
[27, 69, 1, 50, 76, 3, 79, 33, 81, 51, 9, 78, 34, 35, 71, 65, 66, 20, 30, 32, 90, 63, 10, 70, 31],
Int64[],
Int64[],
Int64[],
Int64[],
Int64[],
Fitness: 801.050395687218
Feasible: true
