Problem Number, Route, Patient IDs, Fitness, Feasible
------------------------------------

--- New Solution ---
Route: [10]
Route: [62, 74, 61, 64, 68, 66, 72]
Route: [13, 17, 18, 19, 11, 22]
Route: [67, 63, 83, 82, 73, 77, 79, 80]
Route: [42, 41, 40, 44, 46, 45, 69]
Route: [32, 33, 35, 38, 39, 37, 31, 50, 48, 52]
Route: Int64[]
Route: [57, 55, 54, 53, 56, 58, 60, 59]
Route: Int64[]
Route: [43, 94, 92, 93, 97, 1, 3, 7]
Route: Int64[]
Route: [81, 78, 76, 71, 70]
Route: Int64[]
Route: [20, 24, 25, 27, 30, 28, 26, 23]
Route: [75, 98, 100, 99, 96, 95]
Route: [90, 87, 86, 84, 88, 89, 85, 91]
Route: [21, 15, 16, 14, 12, 4, 2]
Route: [29, 34, 36, 51, 49, 47]
Route: [5, 8, 9, 6]
Route: Int64[]
Route: [65]
Route: Int64[]
Route: Int64[]
Route: Int64[]
Route: Int64[]
Fitness: 1327.645536841326
Feasible: true
Problem Number: 0

--- New Solution ---
Route: [59, 55, 54, 53, 56, 58, 60, 47]
Route: [81, 78, 76, 71, 70, 73, 77, 79, 80]
Route: [13, 17, 18, 19, 15, 16, 14, 12]
Route: [32, 33, 35, 37, 38, 39, 36, 34, 31]
Route: [91, 87, 86, 83, 82, 84, 85, 89]
Route: [43, 44, 46, 45, 51, 50, 48, 49, 52]
Route: Int64[]
Route: [90, 88, 95, 96, 98, 75]
Route: [20, 24, 7, 8, 11, 9, 6]
Route: [42, 41, 40, 68, 66, 69]
Route: [67, 65, 63]
Route: Int64[]
Route: Int64[]
Route: [57, 62, 74, 61, 64, 72]
Route: Int64[]
Route: Int64[]
Route: Int64[]
Route: Int64[]
Route: [21, 26, 25, 27, 29, 30, 28, 23, 22]
Route: Int64[]
Route: [94, 92, 93, 97, 100, 99, 2, 5]
Route: Int64[]
Route: [10, 3, 4, 1]
Route: Int64[]
Route: Int64[]
Fitness: 1111.972345706531
Feasible: true
Problem Number: 0

--- New Solution ---
Route: [90, 87, 86, 88, 89]
Route: [20, 31, 35, 37, 34, 23]
Route: [13, 15, 16, 14, 12]
Route: [65, 71, 70, 73, 79]
Route: [43, 42, 41, 40, 44, 45, 48, 52, 49]
Route: Int64[]
Route: [17, 18, 19]
Route: [67, 63, 62, 74, 72, 61, 64, 68, 66]
Route: [57, 55, 54, 53, 56, 58, 60, 59]
Route: [92, 93, 94, 95, 98]
Route: [81, 78, 76, 77, 80, 69]
Route: [10, 11, 4]
Route: [91, 85, 84, 82, 83]
Route: [46, 51, 50, 47]
Route: [3, 7, 5, 1, 96, 97, 100, 99]
Route: [8, 9, 6, 2, 75]
Route: [32, 33, 38, 39, 36]
Route: [24, 25, 27, 29, 30, 28, 26, 22, 21]
Route: Int64[]
Route: Int64[]
Route: Int64[]
Route: Int64[]
Route: Int64[]
Route: Int64[]
Route: Int64[]
Fitness: 1313.229550698158
Feasible: true

--- New Solution ---
Route: [42, 40, 44, 45, 47]
Route: [8, 15, 16, 14, 12]
Route: [90, 86, 88]
Route: Int64[]
Route: [24]
Route: Int64[]
Route: [73, 77, 79, 80]
Route: [41, 60, 58, 56, 53, 54, 67]
Route: [10, 11, 97, 100, 99, 98, 75]
Route: [31, 33, 34, 30, 2, 6]
Route: Int64[]
Route: [81, 78, 76, 71, 70]
Route: [1, 7, 9, 4]
Route: [96, 95, 92, 93, 94, 89, 91, 5, 3]
Route: [43, 46, 48, 51, 50, 52, 49]
Route: Int64[]
Route: Int64[]
Route: [65, 63, 62, 74, 72, 61, 66, 69]
Route: [20, 25, 27, 29, 26, 28, 21]
Route: Int64[]
Route: Int64[]
Route: [87, 85, 84, 83, 82]
Route: [13, 17, 18, 19, 23, 22]
Route: [57, 55, 59, 64, 68]
Route: [32, 35, 37, 38, 39, 36]
Fitness: 1538.9173145651996
Feasible: false

--- New Solution ---
[28, 23]
,[90]
,Int64[]
,[43, 42, 40, 44, 46, 45, 48, 31, 50, 49, 47]
,[81, 78, 76, 71, 70, 73, 77, 79, 80]
,[41, 91, 92, 93, 97, 99, 2, 1, 75]
,[67, 65, 74, 72, 61, 64, 66]
,Int64[]
,[20]
,[8, 11, 9, 6, 7]
,[82, 83, 84, 85, 100, 94, 96, 98]
,Int64[]
,[57, 68, 69]
,[95, 51]
,[52, 24, 25, 27, 29, 30, 22]
,Int64[]
,[13, 17, 18, 19, 15, 16, 14, 12]
,[21, 55, 54, 53, 56, 58, 60, 59]
,[32, 33, 35, 37, 38, 39, 36, 34, 26]
,[87, 86, 88, 89]
,[63, 62]
,Int64[]
,Int64[]
,Int64[]
,[10, 4, 3, 5]
,Fitness: 1378.1973309803486
Feasible: true
