Problem Number, Route, Patient IDs, Fitness, Feasible
------------------------------------

--- New Solution ---
Route: [33, 28, 27, 30, 31, 29, 50, 34, 26, 32, 56]
Route: [5, 45, 3, 1, 4, 60]
Route: [72, 36, 39, 42, 44, 41, 38, 40, 37, 35, 43, 54]
Route: [69, 98, 88, 73, 78, 53, 55, 68]
Route: [64, 20, 19, 21, 23, 48, 25, 18, 49, 24, 22, 83]
Route: [92, 95, 71, 67, 62, 84, 94, 96, 93]
Route: Int64[]
Route: Int64[]
Route: [82, 9, 87, 59, 10, 11, 13, 16, 15, 17, 47, 14, 12]
Route: [65, 75, 97, 58, 77]
Route: Int64[]
Route: Int64[]
Route: [52, 99, 57, 86, 74, 66]
Route: Int64[]
Route: [63, 85, 51, 76, 89, 91, 80]
Route: [2, 79, 7, 8, 46, 6, 100, 70]
Route: Int64[]
Route: Int64[]
Route: Int64[]
Route: Int64[]
Route: Int64[]
Route: Int64[]
Route: Int64[]
Route: [81, 61]
Route: [90]
Fitness: 1678.6574193132928
Feasible: false
Problem Number: 4

--- New Solution ---
Route: [64, 51, 85, 76, 89]
Route: Int64[]
Route: [42, 39, 36, 38, 44, 41, 40, 35, 37, 43]
Route: [63, 33, 31, 29, 27, 30, 28, 26, 34, 50, 32, 80]
Route: [99, 9, 13, 15, 16, 17, 47, 14, 12, 11, 10, 53, 69]
Route: [82, 98, 88, 79, 73, 78, 60, 55]
Route: [68, 1, 3, 5, 45, 4, 46, 8, 7, 6, 2, 70, 100]
Route: [92, 95, 67, 62, 84, 56, 91]
Route: [65, 20, 22, 49, 19, 18, 48, 21, 23, 25, 24, 66]
Route: [72, 71, 94, 54, 96, 93]
Route: Int64[]
Route: Int64[]
Route: Int64[]
Route: [59, 75, 87, 97, 58, 77]
Route: Int64[]
Route: Int64[]
Route: Int64[]
Route: Int64[]
Route: Int64[]
Route: Int64[]
Route: Int64[]
Route: Int64[]
Route: Int64[]
Route: Int64[]
Route: [83, 52, 57, 86, 74]
Route: [61, 81, 90]
Fitness: 1631.2486253927968
Feasible: false
Problem Number: 4

--- New Solution ---
[90],
Int64[],
[94, 96],
[14, 47, 59, 75, 57, 99, 86, 87, 9, 10, 97, 74, 13, 17, 60],
Int64[],
[5, 45, 2, 6, 8, 7, 46, 3, 1, 4, 100, 70],
[72, 42, 39, 36, 44, 40, 41, 38, 37, 35, 43, 54],
Int64[],
[61, 81],
[62, 67, 71, 93],
Int64[],
Int64[],
Int64[],
Int64[],
Int64[],
Int64[],
Int64[],
[68],
[69, 98, 11, 15, 16, 12, 88, 79, 73, 78, 53, 55],
[65, 82, 52, 83, 64, 19, 23, 21, 18, 76, 85, 84, 51, 49, 22, 20, 66, 56, 91, 80],
[92, 95, 63, 33, 28, 27, 29, 31, 30, 26, 34, 50, 32, 89, 48, 24, 25, 77, 58],
Int64[],
Int64[],
Int64[],
Int64[],
Fitness: 1378.821979103589
Feasible: true
