Problem Number, Route, Patient IDs, Fitness, Feasible
------------------------------------

--- New Solution ---
Route: [6, 95, 59, 98, 92, 87, 14, 38, 100, 94, 99, 93, 37, 97, 13]
Route: [53, 73, 72, 75, 56, 23, 41, 22, 74]
Route: [12, 77, 3, 68, 80, 24, 54, 26]
Route: Int64[]
Route: [62, 11, 63, 90, 32, 10, 1]
Route: [76, 29, 79, 71, 35, 65, 66, 20]
Route: Int64[]
Route: [69, 70, 30, 51, 9, 81, 34, 78, 33, 50]
Route: [8, 47, 19, 64, 49, 36, 46, 60, 89]
Route: Int64[]
Route: [28, 21, 4, 55, 25, 67, 39]
Route: [27, 52, 31, 88, 7, 82, 48]
Route: [5, 83, 45, 17, 84, 18]
Route: Int64[]
Route: Int64[]
Route: [40, 2, 57, 15, 43, 42, 58]
Route: [85, 61, 16, 86, 44, 91, 96]
Route: Int64[]
Route: Int64[]
Route: Int64[]
Route: Int64[]
Route: Int64[]
Route: Int64[]
Route: Int64[]
Route: Int64[]
Fitness: 1160.2271667900927
Feasible: true
Problem Number: 9

--- New Solution ---
Int64[],
Int64[],
Int64[],
Int64[],
[99, 59, 98, 44, 38, 14, 95, 18, 6, 94, 13, 87, 57, 15, 43, 42, 100, 37, 97, 92, 91, 96],
[53],
Int64[],
Int64[],
[28, 76, 29, 12, 40, 21, 2, 73, 72, 75, 41, 22, 74, 23, 67, 39, 56, 4, 25, 55, 24, 68, 80, 54, 26, 58],
Int64[],
Int64[],
[69, 31, 88, 62, 47, 36, 19, 11, 64, 63, 90, 30, 51, 71, 9, 81, 33, 77, 50, 3, 79, 78, 34, 35, 65, 66, 20, 32, 10, 70, 1],
Int64[],
Int64[],
Int64[],
Int64[],
Int64[],
Int64[],
Int64[],
Int64[],
[27],
Int64[],
Int64[],
Int64[],
[52, 7, 82, 83, 84, 5, 93, 85, 61, 16, 86, 17, 45, 46, 49, 8, 48, 60, 89],
Fitness: 944.1058984458452
Feasible: true
